Anisotropic Li7Li7 with the parameters of Fabio's guide. Ix=6604, Iy=4993, Iz=50, sin^2 expansion to 6th order:

Orbitals:
rm:
1  0.951183445318142       5.665419264862544E-011
2   1.07114926716887       6.379957224478600E-011
3   1.24685717647178       7.426505058393488E-011
4   1.47999854691366       8.815136891757768E-011
5   1.76021633288483       1.048416430262405E-010
6   2.08929595709890       1.244422158902117E-010
7   2.47379779003358       1.473438349459813E-010
8   2.57406602694954       1.533159910413545E-010
9   2.69403465061164       1.604615375184273E-010
10   2.83609777370047       1.689230720240539E-010

CM:
1  0.951183387700965       5.665418921684299E-011
2   1.07114551341007       6.379934866417650E-011
3   1.24682413152186       7.426308236742708E-011
4   1.47988852935648       8.814481607447475E-011
5   1.75973705120931       1.048130961497032E-010
6   2.08081204148216       1.239368986539501E-010
7   2.43916230727855       1.452808834489383E-010
8   2.57406591284249       1.533159842449340E-010
9   2.69402803875670       1.604611437044841E-010
10   2.83180071913493       1.686671317442096E-010

Configurations:
1   1.86262785619657       1.109414571049030E-010
2   2.00270085763424       1.192844563942430E-010
3   2.02345793238133       1.205207850092244E-010
4   2.18480165860574       1.301307068315157E-010
5   2.21631878311901       1.320079233166158E-010
6   2.29159619352153       1.364915809454631E-010
7   2.42918821493349       1.446868086130129E-010
8   2.45235598619611       1.460667226378125E-010
9   2.52694033669547       1.505091003753166E-010
10   2.64059727344572       1.572787114552775E-010
