3.368871657049999913e-01
3.016866974649999866e-01
2.701642350680000249e-01
2.419354732029999899e-01
2.166562616219999959e-01
1.940184094480000010e-01
1.737459278719999944e-01
1.555916654410000044e-01
1.393342949159999955e-01
1.247756149709999957e-01
1.117381338230000049e-01
1.000629053449999945e-01
8.960759128100000137e-02
8.024472592999999654e-02
7.186016215200000112e-02
6.435167974899999588e-02
5.762773924399999803e-02
5.160636588300000077e-02
4.727519720000000064e-02
3.617880600000000085e-02
2.732398360000000068e-02
2.034124899999999875e-02
1.488690760000000064e-02
1.066052760000000058e-02
7.411163999999999599e-03
4.933738000000000012e-03
3.062865399999999821e-03
1.665646999999999918e-03
6.356372000000000541e-04
-5.268481599999999787e-05
-8.111629999999999448e-05
-1.167331130000000044e-04
-1.596309370000000114e-04
-2.098325549999999976e-04
-2.673288530000000060e-04
-3.320697120000000229e-04
-4.040232370000000194e-04
-4.831484220000000244e-04
-5.694270420000000030e-04
-6.628454270000000426e-04
-7.634081330000000443e-04
-8.711470549999999558e-04
-9.861168699999999822e-04
-1.108395033999999947e-03
-1.238100010999999964e-03
-1.375377606000000074e-03
-1.403758969999999986e-03
-1.432454721000000044e-03
-1.461460303000000020e-03
-1.490780270999999928e-03
-1.520423738000000000e-03
-1.520528533999999975e-03
-1.520423738000000000e-03
-1.490780270999999928e-03
-1.461460303000000020e-03
-1.432454721000000044e-03
-1.403758969999999986e-03
-1.375377606000000074e-03
-1.238100010999999964e-03
-1.108395033999999947e-03
-9.861168699999999822e-04
-8.711470549999999558e-04
-7.634081330000000443e-04
-6.628454270000000426e-04
-5.694270420000000030e-04
-4.831484220000000244e-04
-4.040232370000000194e-04
-3.320697120000000229e-04
-2.673288530000000060e-04
-2.098325549999999976e-04
-1.596309370000000114e-04
-1.167331130000000044e-04
-8.111629999999999448e-05
-5.268481599999999787e-05
-4.979416200000000113e-05
-2.564512899999999880e-05
-1.407428300000000024e-05
-8.163902999999999752e-06
-4.962118999999999780e-06
-3.137196000000000109e-06
-2.051008000000000150e-06
-1.380117999999999997e-06
-9.522720000000000451e-07
-6.717030000000000426e-07
-4.831389999999999960e-07
-3.536159305000000207e-07
-2.628974950000000237e-07
-1.982340841000000088e-07
-1.514057128000000004e-07
-1.170007185000000012e-07
-9.138815079999999925e-08
-7.208938079999999353e-08
-5.738543069999999734e-08
-4.606670270000000102e-08
-3.727054799999999821e-08
-3.037407120000000073e-08
-2.492228699999999860e-08
-2.057927540000000029e-08
-1.709453029999999938e-08
-1.427948470000000066e-08
-1.199094520000000037e-08
-1.011927409999999918e-08
-8.579871900000000261e-09
-7.306979899999999896e-09
-6.249129600000000191e-09
-5.365773300000000401e-09
-4.624767699999999624e-09
-4.000482000000000041e-09
-3.472363800000000168e-09
-3.023844800000000055e-09
-2.641500799999999870e-09
-2.314402400000000135e-09
-2.033609899999999938e-09
-1.791779099999999909e-09
-1.582851000000000080e-09
-1.401806300000000001e-09
-1.244471199999999912e-09
-1.107362000000000006e-09
-9.875603999999999722e-10
-8.826133999999999623e-10
-7.904525999999999965e-10
-7.093279000000000233e-10
-6.377541999999999896e-10
-5.744675000000000121e-10
-5.183891000000000292e-10
-4.685955999999999571e-10
-4.242946000000000084e-10
-3.848044000000000117e-10
-3.495371000000000213e-10
-3.179842000000000174e-10
-2.897052999999999756e-10
-2.643177999999999948e-10
-2.414885999999999781e-10
-2.209274000000000047e-10
-2.023801000000000092e-10
-1.856244000000000078e-10
-1.704653000000000079e-10
-1.567310999999999997e-10
-1.442709000000000120e-10
-1.329512999999999915e-10
-1.226546000000000037e-10
-1.132763999999999982e-10
-1.047243000000000020e-10
-9.691609999999999737e-11
-8.977889999999999745e-11
-8.324739999999999524e-11
-7.726370000000000328e-11
-7.177589999999999509e-11
-6.673749999999999831e-11
-6.210689999999999984e-11
-5.784699999999999938e-11
-5.392410000000000123e-11
-5.030810000000000048e-11
-4.697189999999999860e-11
-4.389089999999999911e-11
-4.104320000000000024e-11
-3.840879999999999846e-11
-3.596960000000000134e-11
-3.370920000000000262e-11
-3.161280000000000198e-11
-2.966689999999999994e-11
-2.785940000000000062e-11
-2.617910000000000101e-11
-2.461580000000000019e-11
-2.316039999999999893e-11
-2.180439999999999865e-11
-2.054010000000000050e-11
-1.936049999999999934e-11
-1.825929999999999996e-11
-1.723039999999999977e-11
-1.626849999999999919e-11
-1.536870000000000014e-11
-1.452639999999999998e-11
-1.373750000000000038e-11
-1.299810000000000052e-11
-1.230480000000000064e-11
-1.165419999999999935e-11
-1.104339999999999957e-11
-1.046960000000000054e-11
-9.930300000000000207e-12
-9.423200000000000479e-12
-8.946000000000000049e-12
-8.496800000000000711e-12
-8.073599999999999849e-12
-7.674900000000000750e-12
-7.298899999999999929e-12
-6.944200000000000238e-12
-6.609500000000000059e-12
-6.293500000000000194e-12
-5.995000000000000204e-12
-5.712799999999999649e-12
-5.446000000000000018e-12
-5.193700000000000377e-12
-4.954799999999999850e-12
-4.728700000000000238e-12
-4.514600000000000170e-12
-4.311699999999999894e-12
-4.119300000000000027e-12
-3.936900000000000320e-12
-3.763799999999999775e-12
-3.599500000000000162e-12
-3.443599999999999988e-12
-3.295499999999999842e-12
-3.154699999999999876e-12
-3.020900000000000184e-12
-2.893700000000000080e-12
-2.772700000000000090e-12
-2.657599999999999904e-12
-2.548000000000000048e-12
-2.443599999999999806e-12
-2.344200000000000048e-12
-2.249500000000000058e-12
-2.159199999999999928e-12
-2.073100000000000123e-12
-1.990999999999999897e-12
-1.912600000000000150e-12
-1.837900000000000075e-12
-1.766499999999999995e-12
-1.698299999999999943e-12
-1.633199999999999948e-12
-1.571000000000000071e-12
-1.511499999999999971e-12
-1.454700000000000052e-12
-1.400300000000000001e-12
-1.348200000000000051e-12
-1.298499999999999970e-12
-1.250800000000000083e-12
-1.205199999999999954e-12
-1.161500000000000049e-12
-1.119599999999999995e-12
-1.079499999999999995e-12
-1.041100000000000077e-12
-1.004199999999999901e-12
-9.689000000000000417e-13
-9.349999999999999539e-13
-9.025000000000000419e-13
-8.711999999999999633e-13
-8.412999999999999594e-13
-8.125000000000000215e-13
-7.849000000000000180e-13
-7.583999999999999794e-13
-7.329000000000000376e-13
-7.083999999999999905e-13
-6.847999999999999699e-13
-6.622000000000000460e-13
-6.403999999999999773e-13
-6.195000000000000361e-13
-5.992999999999999808e-13
-5.798999999999999827e-13
-5.613000000000000418e-13
-5.433000000000000175e-13
-5.259999999999999801e-13
-5.094000000000000307e-13
-4.933000000000000286e-13
-4.779000000000000134e-13
-4.630000000000000466e-13
-4.485999999999999767e-13
-4.347999999999999749e-13
-4.214000000000000017e-13
-4.085999999999999957e-13
-3.960999999999999985e-13
-3.842000000000000189e-13
-3.725999999999999976e-13
-3.615000000000000247e-13
-3.507000000000000102e-13
-3.403000000000000242e-13
-3.322551716716119986e-13
-3.244214461539159761e-13
-3.168023618630770108e-13
-3.093912236865210037e-13
-3.021815705406850003e-13
-2.951671663166120241e-13
-2.883419912094030010e-13
-2.817002334138349955e-13
-2.752362811693560199e-13
-2.689447151384649845e-13
-2.628203011033129854e-13
-2.568579829660579976e-13
-2.510528760392750119e-13
-2.454002606133340002e-13
-2.398955757883319902e-13
-2.345344135587490111e-13
-2.293125131395749952e-13
-2.242257555231960116e-13
-2.192701582568369983e-13
-2.144418704308450012e-13
-2.097371678685690108e-13
-2.051524485090090057e-13
-2.006842279738509955e-13
-1.963291353108789937e-13
-1.920839089061299923e-13
-1.879453925575280062e-13
-1.839105317030639968e-13
-1.799763697969040024e-13
-1.761400448271170108e-13
-1.723987859690190028e-13
-1.687499103683770062e-13
-1.651908200490019995e-13
-1.617189989395039877e-13
-1.583320100142140083e-13
-1.550274925435049880e-13
-1.518031594489709955e-13
-1.486567947591010115e-13
-1.455862511613169946e-13
-1.425894476463839986e-13
-1.396643672414280000e-13
-1.368090548279159883e-13
-1.340216150411519949e-13
-1.313002102479690031e-13
-1.286430585994550105e-13
-1.260484321556860114e-13
-1.235146550795739995e-13
-1.210401018970529971e-13
-1.186231958209590016e-13
-1.162624071360710123e-13
-1.139562516428800120e-13
-1.117032891577680042e-13
-1.095021220673700058e-13
-1.073513939350019947e-13
-1.052497881570950038e-13
-1.031960266677049974e-13
-1.011888686892180014e-13
-9.922710952745729792e-14
-9.730957940948249694e-14
-9.543514236243300368e-14
-9.360269513183799456e-14
-9.181116613788579953e-14
-9.005951446820060584e-14
-8.834672890573970378e-14
-8.667182699047939929e-14
-8.503385411361219438e-14
-8.343188264302959771e-14
-8.186501107891709397e-14
-8.033236323833159770e-14
-7.883308746768119514e-14
-7.736635588206799800e-14
-7.593136363049809965e-14
-7.452732818600119662e-14
-7.315348865974260026e-14
-7.180910513824379913e-14
-7.049345804286839943e-14
-6.920584751075540125e-14
-6.794559279642209456e-14
-6.671203169328469606e-14
-6.550451997437609907e-14
-6.432243085156700601e-14
-6.316515445262589439e-14
-6.203209731547699623e-14
-6.092268189904080255e-14
-5.983634611006620479e-14
-5.877254284538610381e-14
-5.773073954904890343e-14
-5.671041778379959848e-14
-5.571107281640660226e-14
-5.473221321634499896e-14
-5.377336046737119686e-14
-5.283404859153630244e-14
-5.191382378520610259e-14
-5.101224406666950189e-14
-5.012887893493589792e-14
-4.926330903933340028e-14
-4.841512585953630188e-14
-4.758393139566439823e-14
-4.676933786810829894e-14
-4.597096742674970029e-14
-4.518845186925629718e-14
-4.442143236814249847e-14
-4.366955920630050160e-14
-4.293249152071550249e-14
-4.220989705408810003e-14
-4.150145191410090167e-14
-4.080684034007149861e-14
-4.012575447674569875e-14
-3.945789415499399948e-14
-3.880296667918080119e-14
-3.816068662098779690e-14
-3.753077561947530143e-14
-3.691296218717849913e-14
-3.630698152204010106e-14
-3.571257532498710000e-14
-3.512949162296899883e-14
-3.455748459727849770e-14
-3.399631441698280071e-14
-3.344574707730159806e-14
-3.290555424277020265e-14
-3.237551309503480219e-14
-3.185540618513020205e-14
-3.134502129009719914e-14
-3.084415127380019843e-14
-3.035259395181160301e-14
-2.987015196023349738e-14
-2.939663262833229924e-14
-2.893184785486469985e-14
-2.847561398797959916e-14
-2.802775170858290053e-14
-2.758808591705699951e-14
-2.715644562322919949e-14
-2.673266383948890028e-14
-2.631657747695390139e-14
-2.590802724459259866e-14
-2.550685755121030130e-14
-2.511291641020970141e-14
-2.472605534704240047e-14
-2.434612930926710048e-14
-2.397299657913469953e-14
-2.360651868862410065e-14
-2.324656033685250135e-14
-2.289298930978920118e-14
-2.254567640220250104e-14
-2.220449534177180157e-14
-2.186932271529989854e-14
-2.154003789696279877e-14
-2.121652297853430090e-14
-2.089866270152810145e-14
-2.058634439119789865e-14
-2.027945789234270032e-14
-1.997789550686130142e-14
-1.968155193300499931e-14
-1.939032420627899984e-14
-1.910411164194269938e-14
-1.882281577906170046e-14
-1.854634032606740047e-14
-1.827459110777839967e-14
-1.800747601384170096e-14
-1.774490494855259877e-14
-1.748678978201229931e-14
-1.723304430258489888e-14
-1.698358417061689929e-14
-1.673832687338089981e-14
-1.649719168121009986e-14
-1.626009960478840084e-14
-1.602697335356300030e-14
-1.579773729524769986e-14
-1.557231741638570069e-14
-1.535064128394139862e-14
-1.513263800789210141e-14
-1.491823820479230115e-14
-1.470737396228100144e-14
-1.449997880450719979e-14
-1.429598765844730030e-14
-1.409533682108900017e-14
-1.389796392745749973e-14
-1.370380791946090044e-14
-1.351280901553180008e-14
-1.332490868104239928e-14
-1.314004959947229966e-14
-1.295817564430830020e-14
-1.277923185165479949e-14
-1.260316439353730068e-14
-1.242992055187700039e-14
-1.225944869312150001e-14
-1.209169824351079938e-14
-1.192661966496289966e-14
-1.176416443156119974e-14
-1.160428500662839980e-14
-1.144693482036929965e-14
-1.129206824806949961e-14
-1.113964058883230008e-14
-1.098960804484149996e-14
-1.084192770113479955e-14
-1.069655750587470008e-14
-1.055345625110259956e-14
-1.041258355396469996e-14
-1.027389983839579928e-14
-1.013736631724959934e-14
-1.000294497486360031e-14
-9.870598550046229774e-15
-9.740290519476659676e-15
-9.611985081504709892e-15
-9.485647140341709640e-15
-9.361242290631149683e-15
-9.238736802389640039e-15
-9.118097606308430762e-15
-8.999292279405909569e-15
-8.882289031022230014e-15
-8.767056689146930470e-15
-8.653564687071189893e-15
-8.541783050356050766e-15
-8.431682384108660680e-15
-8.323233860558590291e-15
-8.216409206926359554e-15
-8.111180693576999912e-15
-8.007521122450979984e-15
-7.905403815765789421e-15
-7.804802604980989693e-15
-7.705691820020239463e-15
-7.608046278743750172e-15
-7.511841276664700006e-15
-7.417052576903650367e-15
-7.323656400374830638e-15
-7.231629416198460007e-15
-7.140948732333630059e-15
-7.051591886425890071e-15
-6.963536836864520204e-15
-6.876761954044040002e-15
-6.791246011824939764e-15
-6.706968179188709938e-15
-6.623908012082359634e-15
-6.542045445447690305e-15
-6.461360785430820208e-15
-6.381834701767440244e-15
-6.303448220339659671e-15
-6.226182715900020120e-15
-6.150019904958699691e-15
-6.074941838829969914e-15
-6.000930896833899761e-15
-5.927969779649640055e-15
-5.856041502816500188e-15
-5.785129390379459751e-15
-5.715217068675249654e-15
-5.646288460256020045e-15
-5.578327777946979704e-15
-5.511319519034990276e-15
-5.445248459584760346e-15
-5.380099648879909872e-15
-5.315858403985479767e-15
-5.252510304429479793e-15
-5.190041187000230194e-15
-5.128437140657009795e-15
-5.067684501551190367e-15
-5.007769848155320310e-15
-4.948679996497579638e-15
-4.890401995499089796e-15
-4.832923122411770127e-15
-4.776230878354200034e-15
-4.720312983943400329e-15
-4.665157375020130093e-15
-4.610752198465640126e-15
-4.557085808107589768e-15
-4.504146760713300085e-15
-4.451923812068029702e-15
-4.400405913136570118e-15
-4.349582206306059774e-15
-4.299442021708210386e-15
-4.249974873619120109e-15
-4.201170456934879675e-15
-4.153018643721259660e-15
-4.105509479835680296e-15
-4.058633181619999689e-15
-4.012380132662359710e-15
-3.966740880626489746e-15
-3.921706134147150134e-15
-3.877266759789919815e-15
-3.833413779074149665e-15
-3.790138365557450128e-15
-3.747431841980420215e-15
-3.705285677470299677e-15
-3.663691484802129929e-15
-3.622641017716159964e-15
-3.582126168290290312e-15
-3.542138964366269968e-15
-3.502671567028530073e-15
-3.463716268134310124e-15
-3.425265487894139921e-15
-3.387311772501460072e-15
-3.349847791810280170e-15
-3.312866337059870045e-15
-3.276360318645389941e-15
-3.240322763933490092e-15
-3.204746815121890095e-15
-3.169625727141959872e-15
-3.134952865603339819e-15
-3.100721704779730031e-15
-3.066925825634929968e-15
-3.033558913888269894e-15
-3.000614758118470097e-15
-2.968087247905320065e-15
-2.935970372008090194e-15
-2.904258216580149834e-15
-2.872944963418729885e-15
-2.842024888249330187e-15
-2.811492359043909877e-15
-2.781341834372060028e-15
-2.751567861784620158e-15
-2.722165076228950149e-15
-2.693128198495159836e-15
-2.664452033692650173e-15
-2.636131469756459937e-15
-2.608161475982519842e-15
-2.580537101591429895e-15
-2.553253474320070126e-15
-2.526305799040470016e-15
-2.499689356405279889e-15
-2.473399501519499941e-15
-2.447431662637650025e-15
-2.421781339886009831e-15
-2.396444104009389887e-15
-2.371415595141919815e-15
-2.346691521601229865e-15
-2.322267658705770141e-15
-2.298139847614559894e-15
-2.274303994189039914e-15
-2.250756067876549966e-15
-2.227492100614899966e-15
-2.204508185757750137e-15
-2.181800477020189935e-15
-2.159365187444260174e-15
-2.137198588383960017e-15
-2.115297008509239872e-15
-2.093656832828749857e-15
-2.072274501730859853e-15
-2.051146510042589858e-15
-2.030269406106159953e-15
-2.009639790872669972e-15
-1.989254317012639901e-15
-1.969109688043160138e-15
-1.949202657471069823e-15
-1.929530027952119864e-15
-1.910088650465620109e-15
-1.890875423504259876e-15
-1.871887292278919983e-15
-1.853121247938060177e-15
-1.834574326801450021e-15
-1.816243609607879969e-15
-1.798126220776759960e-15
-1.780219327683009899e-15
-1.762520139945340091e-15
-1.745025908727429925e-15
-1.727733926051710006e-15
-1.710641524125729960e-15
-1.693746074680639994e-15
-1.677044988321670045e-15
-1.660535713890270062e-15
-1.644215737837850095e-15
-1.628082583610650037e-15
-1.612133811045809993e-15
-1.596367015778110002e-15
-1.580779828657470020e-15
-1.565369915176780030e-15
-1.550134974909939989e-15
-1.535072740959950058e-15
-1.520180979416800067e-15
-1.505457488824960000e-15
-1.490900099660360089e-15
-1.476506673816550093e-15
-1.462275104100069907e-15
-1.448203313734559960e-15
-1.434289255873739989e-15
-1.420530913122859982e-15
-1.406926297068659971e-15
-1.393473447817419989e-15
-1.380170433541259932e-15
-1.367015350032209905e-15
-1.354006320264220044e-15
-1.341141493962660002e-15
-1.328419047181359924e-15
-1.315837181887060021e-15
-1.303394125550920055e-15
-1.291088130747259914e-15
-1.278917474759110026e-15
-1.266880459190629998e-15
-1.254975409586189967e-15
-1.243200675056030072e-15
-1.231554627908270050e-15
-1.220035663287329916e-15
-1.208642198818489941e-15
-1.197372674258489959e-15
-1.186225551152210004e-15
-1.175199312495020090e-15
-1.164292462401100097e-15
-1.153503525777170050e-15
-1.142831048001919933e-15
-1.132273594610780072e-15
-1.121829750986080050e-15
-1.111498122052369911e-15
-1.101277331976960082e-15
-1.091166023875390097e-15
-1.081162859522019985e-15
-1.071266519065289941e-15
-1.061475700747850028e-15
-1.051789120631389910e-15
-1.042205512326010069e-15
-1.032723626724139999e-15
-1.023342231738870092e-15
-1.014060112046650053e-15
-1.004876068834230021e-15
-9.957889195498739486e-16
-9.867974976585750819e-16
-9.779006524014180795e-16
-9.690972485588580284e-16
-9.603861662179269982e-16
-9.517663005432539509e-16
-9.432365615518569818e-16
-9.347958738916260499e-16
-9.264431766234340742e-16
-9.181774230068219636e-16
-9.099975802891650877e-16
-9.019026294982969303e-16
-8.938915652384970378e-16
-8.859633954898020436e-16
-8.781171414105790274e-16
-8.703518371432869563e-16
-8.626665296233980083e-16
-8.550602783913910145e-16
-8.475321554077989774e-16
-8.400812448712220152e-16
-8.327066430392710233e-16
-8.254074580524000461e-16
-8.181828097605530081e-16
-8.110318295525909828e-16
-8.039536601884560204e-16
-7.969474556340070436e-16
-7.900123808984980342e-16
-7.831476118746379635e-16
-7.763523351812029838e-16
-7.696257480081439840e-16
-7.629670579641479955e-16
-7.563754829266280087e-16
-7.498502508940610299e-16
-7.433905998406860166e-16
-7.369957775734719565e-16
-7.306650415913480062e-16
-7.243976589466479611e-16
-7.181929061087259675e-16
-7.120500688297139913e-16
-7.059684420123819963e-16
-6.999473295800590201e-16
-6.939860443485929644e-16
-6.880839079003030461e-16
-6.822402504598890191e-16
-6.764544107722860224e-16
-6.707257359823939591e-16
-6.650535815166919569e-16
-6.594373109666699698e-16
-6.538762959740739714e-16
-6.483699161179170129e-16
-6.429175588032319871e-16
-6.375186191515379964e-16
-6.321724998929969533e-16
-6.268786112602119975e-16
-6.216363708836680258e-16
-6.164452036887650312e-16
-6.113045417944289659e-16
-6.062138244132689691e-16
-6.011724977532560121e-16
-5.961800149209040267e-16
-5.912358358259120053e-16
-5.863394270872700281e-16
-5.814902619407699571e-16
-5.766878201479320358e-16
-5.719315879063049952e-16
-5.672210577611109698e-16
-5.625557285182369990e-16
-5.579351051585269670e-16
-5.533586987533630327e-16
-5.488260263815269874e-16
-5.443366110472829667e-16
-5.398899815997180001e-16
-5.354856726532639794e-16
-5.311232245094180047e-16
-5.268021830796320201e-16
-5.225220998093419582e-16
-5.182825316031400435e-16
-5.140830407510430203e-16
-5.099231948558680400e-16
-5.058025667616759759e-16
-5.017207344832770379e-16
-4.976772811367799510e-16
-4.936717948711560044e-16
-4.897038688008270411e-16
-4.857731009392310436e-16
-4.818790941333720212e-16
-4.780214559993320117e-16
-4.741997988587169948e-16
-4.704137396760490460e-16
-4.666628999970610440e-16
-4.629469058878969921e-16
-4.592653878752019763e-16
-4.556179808870770115e-16
-4.520043241948969997e-16
-4.484240613559739528e-16
-4.448768401570529569e-16
-4.413623125586200220e-16
-4.378801346400230012e-16
-4.344299665453790037e-16
-4.310114724302699791e-16
-4.276243204091980233e-16
-4.242681825038000133e-16
-4.209427345918080101e-16
-4.176476563567409863e-16
-4.143826312383169799e-16
-4.111473463835730048e-16
-4.079414925986919777e-16
-4.047647643015059947e-16
-4.016168594746830077e-16
-3.984974796195829977e-16
-3.954063297107650070e-16
-3.923431181511400026e-16
-3.893075567277649846e-16
-3.862993605682599986e-16
-3.833182480978389811e-16
-3.803639409969560148e-16
-3.774361641595400244e-16
-3.745346456518250135e-16
-3.716591166717540009e-16
-3.688093115089590216e-16
-3.659849675053020090e-16
-3.631858250159639841e-16
-3.604116273710839820e-16
-3.576621208379340101e-16
-3.549370545836240214e-16
-3.522361806383190071e-16
-3.495592538589780186e-16
-3.469060318935969769e-16
-3.442762751459380107e-16
-3.416697467407640111e-16
-3.390862124895409817e-16
-3.365254408566249939e-16
-3.339872029259120085e-16
-3.314712723679479956e-16
-3.289774254074969902e-16
-3.265054407915500207e-16
-3.240550997577790055e-16
-3.216261860034210220e-16
-3.192184856545939836e-16
-3.168317872360240044e-16
-3.144658816411980084e-16
-3.121205621029190030e-16
-3.097956241642640173e-16
-3.074908656499319834e-16
-3.052060866379979803e-16
-3.029410894320360232e-16
-3.006956785336259792e-16
-2.984696606152359810e-16
-2.962628444934699836e-16
-2.940750411026800223e-16
-2.919060634689290202e-16
-2.897557266843130208e-16
-2.876238478816249969e-16
-2.855102462093639840e-16
-2.834147428070719845e-16
-2.813371607810150137e-16
-2.792773251801780126e-16
-2.772350629725930059e-16
-2.752102030219710207e-16
-2.732025760646620229e-16
-2.712120146869090006e-16
-2.692383533024160141e-16
-2.672814281302029969e-16
-2.653410771727710221e-16
-2.634171401945450022e-16
-2.615094587006050131e-16
-2.596178759157069819e-16
-2.577422367635719820e-16
-2.558823878464539959e-16
-2.540381774249799837e-16
-2.522094553982480065e-16
-2.503960732841980011e-16
-2.485978842002340027e-16
-2.468147428440999882e-16
-2.450465054750159924e-16
-2.432930298950490103e-16
-2.415541754307410182e-16
-2.398298029149649755e-16
-2.381197746690290221e-16
-2.364239544850069805e-16
-2.347422076083020147e-16
-2.330744007204380245e-16
-2.314204019220709833e-16
-2.297800807162280105e-16
-2.281533079917589926e-16
-2.265399560070009997e-16
-2.249398983736610184e-16
-2.233530100409009795e-16
-2.217791672796289980e-16
-2.202182476669989959e-16
-2.186701300711019934e-16
-2.171346946358610003e-16
-2.156118227661170093e-16
-2.141013971129050052e-16
-2.126033015589240103e-16
-2.111174212041890110e-16
-2.096436423518670095e-16
-2.081818524942959926e-16
-2.067319402991790033e-16
-2.052937955959619915e-16
-2.038673093623720022e-16
-2.024523737111420013e-16
-2.010488818768910102e-16
-1.996567282031800073e-16
-1.982758081297279932e-16
-1.969060181797899948e-16
-1.955472559476950100e-16
-1.941994200865439933e-16
-1.928624102960579960e-16
-1.915361273105829935e-16
-1.902204728872460018e-16
-1.889153497942619897e-16
-1.876206617993789889e-16
-1.863363136584790051e-16
-1.850622111043150069e-16
-1.837982608353920052e-16
-1.825443705049860112e-16
-1.813004487103009947e-16
-1.800664049817589886e-16
-1.788421497724259997e-16
-1.776275944475720018e-16
-1.764226512743499975e-16
-1.752272334116189969e-16
-1.740412548998819991e-16
-1.728646306513490064e-16
-1.716972764401309908e-16
-1.705391088925460010e-16
-1.693900454775540023e-16
-1.682500044972970043e-16
-1.671189050777719890e-16
-1.659966671596050097e-16
-1.648832114889449996e-16
-1.637784596084699938e-16
-1.626823338484999944e-16
-1.615947573182229889e-16
-1.605156538970260089e-16
-1.594449482259310106e-16
-1.583825656991379895e-16
-1.573284324556689959e-16
-1.562824753711180060e-16
-1.552446220494959980e-16
-1.542148008151770031e-16
-1.531929407049459927e-16
-1.521789714601349955e-16
-1.511728235188649958e-16
-1.501744280083719926e-16
-1.491837167374310020e-16
-1.482006221888709994e-16
-1.472250775121820111e-16
-1.462570165162040007e-16
-1.452963736619150039e-16
-1.443430840552940085e-16
-1.433970834402830082e-16
-1.424583081918160113e-16
-1.415266953089520070e-16
-1.406021824080720009e-16
-1.396847077161710108e-16
-1.387742100642199989e-16
-1.378706288806149986e-16
-1.369739041846980028e-16
-1.360839765803590056e-16
-1.352007872497159945e-16
-1.343242779468619945e-16
-1.334543909916949931e-16
-1.325910692638160021e-16
-1.317342561965029990e-16
-1.308838957707510082e-16
-1.300399325093900098e-16
-1.292023114712620112e-16
-1.283709782454799895e-16
-1.275458789457420033e-16
-1.267269602047200007e-16
-1.259141691685109965e-16
-1.251074534911570030e-16
-1.243067613292229921e-16
-1.235120413364460025e-16
-1.227232426584409953e-16
-1.219403149274740097e-16
-1.211632082572860029e-16
-1.203918732379950091e-16
-1.196262609310359910e-16
-1.188663228641790108e-16
-1.181120110265939932e-16
-1.173632778639730010e-16
-1.166200762737170004e-16
-1.158823596001720040e-16
-1.151500816299199900e-16
-1.144231965871260039e-16
-1.137016591289429937e-16
-1.129854243409629923e-16
-1.122744477327230005e-16
-1.115686852332659938e-16
-1.108680931867499985e-16
-1.101726283481039956e-16
-1.094822478787449970e-16
-1.087969093423300057e-16
-1.081165707005699987e-16
-1.074411903090819980e-16
-1.067707269132909999e-16
-1.061051396443829953e-16
-1.054443880153030041e-16
-1.047884319167890033e-16
-1.041372316134690008e-16
-1.034907477399840055e-16
-1.028489412971680058e-16
-1.022117736482690049e-16
-1.015792065152030046e-16
-1.009512019748660056e-16
-1.003277224554779957e-16
-9.970873073296740230e-17
-9.909418992740229827e-17
-9.848406349945849916e-17
-9.787831524692679518e-17
-9.727690930126189432e-17
-9.667981012416809671e-17
-9.608698250422449845e-17
-9.549839155354819617e-17
-9.491400270449359446e-17
-9.433378170639060161e-17
-9.375769462231790495e-17
-9.318570782591280509e-17
-9.261778799821710350e-17
-9.205390212455709593e-17
-9.149401749145980428e-17
-9.093810168360250074e-17
-9.038612258079630092e-17
-8.983804835500380122e-17
-8.929384746738940467e-17
-8.875348866540239679e-17
-8.821694097989259894e-17
-8.768417372225769941e-17
-8.715515648162229910e-17
-8.662985912204799402e-17
-8.610825177977429732e-17
-8.559030486049010494e-17
-8.507598903663529835e-17
-8.456527524473139944e-17
-8.405813468274259660e-17
-8.355453880746460282e-17
-8.305445933194379859e-17
-8.255786822292219778e-17
-8.206473769831310499e-17
-8.157504022470269451e-17
-8.108874851487869397e-17
-8.060583552538809562e-17
-8.012627445411839791e-17
-7.965003873790830599e-17
-7.917710205018229531e-17
-7.870743829861179933e-17
-7.824102162280150507e-17
-7.777782639200129908e-17
-7.731782720284219963e-17
-7.686099887709749554e-17
-7.640731645946750145e-17
-7.595675521538919929e-17
-7.550929062886830057e-17
-7.506489840033599758e-17
-7.462355444452760550e-17
-7.418523488838489495e-17
-7.374991606898050036e-17
-7.331757453146520527e-17
-7.288818702703679809e-17
-7.246173051093030099e-17
-7.203818214043100189e-17
-7.161751927290779953e-17
-7.119971946386719457e-17
-7.078476046502970159e-17
-7.037262022242479927e-17
-6.996327687450800575e-17
-6.955670875029640580e-17
-6.915289436752540344e-17
-6.875181243082409893e-17
-6.835344182991049831e-17
-6.795776163780590210e-17
-6.756475110906800475e-17
-6.717438967804280355e-17
-6.678665695713520597e-17
-6.640153273509720151e-17
-6.601899697533549620e-17
-6.563902981423560227e-17
-6.526161155950380044e-17
-6.488672268852799787e-17
-6.451434384675359917e-17
-6.414445584607839631e-17
-6.377703966326300158e-17
-6.341207643835889430e-17
-6.304954747315199828e-17
-6.268943422962360188e-17
-6.233171832842659916e-17
-6.197638154737800140e-17
-6.162340581996669575e-17
-6.127277323387810274e-17
-6.092446602953219519e-17
-6.057846659863840365e-17
-6.023475748276510339e-17
-5.989332137192339956e-17
-5.955414110316640604e-17
-5.921719965920250193e-17
-5.888248016702340380e-17
-5.854996589654569796e-17
-5.821964025926749658e-17
-5.789148680693799911e-17
-5.756548923024149978e-17
-5.724163135749439888e-17
-5.691989715335599450e-17
-5.660027071755240144e-17
-5.628273628361379441e-17
-5.596727821762429773e-17
-5.565388101698519927e-17
-5.534252930918999745e-17
-5.503320785061309912e-17
-5.472590152530990050e-17
-5.442059534383010003e-17
-5.411727444204209837e-17
-5.381592407997040237e-17
-5.351652964064409766e-17
-5.321907662895759791e-17
-5.292355067054269702e-17
-5.262993751065210288e-17
-5.233822301305439734e-17
-5.204839315894039765e-17
-5.176043404584019834e-17
-5.147433188655149754e-17
-5.119007300807880092e-17
-5.090764385058280070e-17
-5.062703096634140272e-17
-5.034822101872020129e-17
-5.007120078115410296e-17
-4.979595713613860141e-17
-4.952247707423180060e-17
-4.925074769306570095e-17
-4.898075619636859721e-17
-4.871248989299599991e-17
-4.844593619597229871e-17
-4.818108262154130053e-17
-4.791791678822659762e-17
-4.765642641590159914e-17
-4.739659932486830189e-17
-4.713842343494579847e-17
-4.688188676456719796e-17
-4.662697742988659841e-17
-4.637368364389370142e-17
-4.612199371553810252e-17
-4.587189604886240089e-17
-4.562337914214300039e-17
-4.537643158704019821e-17
-4.513104206775669832e-17
-4.488719936020409980e-17
-4.464489233117790241e-17
-4.440410993754019740e-17
-4.416484122541130076e-17
-4.392707532936880060e-17
-4.369080147165409861e-17
-4.345600896138790025e-17
-4.322268719379210208e-17
-4.299082564942070164e-17
-4.276041389339669786e-17
-4.253144157465840216e-17
-4.230389842521119780e-17
-4.207777425938769924e-17
-4.185305897311530097e-17
-4.162974254319040083e-17
-4.140781502655969839e-17
-4.118726655960899990e-17
-4.096808735745840189e-17
-4.075026771326459912e-17
-4.053379799753029855e-17
-4.031866865741969757e-17
-4.010487021608100038e-17
-3.989239327197560281e-17
-3.968122849821369876e-17
-3.947136664189619772e-17
-3.926279852346279901e-17
-3.905551503604749856e-17
-3.884950714483860087e-17
-3.864476588644629908e-17
-3.844128236827609754e-17
-3.823904776790730034e-17
-3.803805333247930220e-17
-3.783829037808179898e-17
-3.763975028915230132e-17
-3.744242451787889915e-17
-3.724630458360880091e-17
-3.705138207226240091e-17
-3.685764863575310300e-17
-3.666509599141320237e-17
-3.647371592142409994e-17
-3.628350027225309882e-17
-3.609444095409479836e-17
-3.590652994031860182e-17
-3.571975926692050123e-17
-3.553412103198100048e-17
-3.534960739512759910e-17
-3.516621057700279798e-17
-3.498392285873659797e-17
-3.480273658142500121e-17
-3.462264414561219784e-17
-3.444363801077870012e-17
-3.426571069483380282e-17
-3.408885477361290013e-17
-3.391306288037980070e-17
-3.373832770533330130e-17
-3.356464199511880184e-17
-3.339199855234470275e-17
-3.322039023510259888e-17
-3.304980995649250232e-17
-3.288025068415310038e-17
-3.271170543979470061e-17
-3.254416729873889968e-17
-3.237762938946039692e-17
-3.221208489313439771e-17
-3.204752704318810292e-17
-3.188394912485579751e-17
-3.172134447473880172e-17
-3.155970648036920023e-17
-3.139902857977739839e-17
-3.123930426106439945e-17
-3.108052706197729872e-17
-3.092269056948930148e-17
-3.076578841938330298e-17
-3.060981429583959770e-17
-3.045476193102729873e-17
-3.030062510469920218e-17
-3.014739764379119997e-17
-2.999507342202479865e-17
-2.984364635951310190e-17
-2.969311042237150150e-17
-2.954345962233059933e-17
-2.939468801635370223e-17
-2.924678970625749704e-17
-2.909975883833610289e-17
-2.895358960298880283e-17
-2.880827623435120202e-17
-2.866381300992960308e-17
-2.852019425023869699e-17
-2.837741431844279786e-17
-2.823546762000060279e-17
-2.809434860231229987e-17
-2.795405175437089787e-17
-2.781457160641619976e-17
-2.767590272959219979e-17
-2.753803973560739880e-17
-2.740097727639800064e-17
-2.726471004379509916e-17
-2.712923276919389896e-17
-2.699454022322639975e-17
-2.686062721543699889e-17
-2.672748859396090112e-17
-2.659511924520589948e-17
-2.646351409353630095e-17
-2.633266810096070080e-17
-2.620257626682130089e-17
-2.607323362748740016e-17
-2.594463525605079883e-17
-2.581677626202389886e-17
-2.568965179104140052e-17
-2.556325702456329932e-17
-2.543758717958220015e-17
-2.531263750833199955e-17
-2.518840329799930133e-17
-2.506487987043829876e-17
-2.494206258188760128e-17
-2.481994682268919970e-17
-2.469852801701079951e-17
-2.457780162257020025e-17
-2.445776313036200145e-17
-2.433840806438739927e-17
-2.421973198138520033e-17
-2.410173047056690006e-17
-2.398439915335239884e-17
-2.386773368310929895e-17
-2.375172974489420125e-17
-2.363638305519579853e-17
-2.352168936168120121e-17
-2.340764444294360048e-17
-2.329424410825250136e-17
-2.318148419730680002e-17
-2.306936057998860060e-17
-2.295786915612109967e-17
-2.284700585522680029e-17
-2.273676663628890015e-17
-2.262714748751479963e-17
-2.251814442610140035e-17
-2.240975349800210146e-17
-2.230197077769689914e-17
-2.219479236796360148e-17
-2.208821439965109882e-17
-2.198223303145560142e-17
-2.187684444969720088e-17
-2.177204486810020000e-17
-2.002955554353800014e-17
-1.844761317456230134e-17
-1.700953312668450047e-17
-1.570055628988669906e-17
-1.450760531065820117e-17
-1.341907434413510035e-17
-1.242464736042149987e-17
-1.151514082639589952e-17
-1.068236723877140055e-17
-9.919016529570620308e-18
-9.218552820750799849e-18
-8.575124386134019951e-18
-7.983484998838619880e-18
-7.438925111540950597e-18
-6.937211543693520383e-18
-6.474534541345340014e-18
-6.047461237265910317e-18
-5.652894676469879863e-18
-5.288037688951839846e-18
-4.950360990770449930e-18
-4.637574979312759620e-18
-4.347604760909919618e-18
-4.078568010874869964e-18
-3.828755319088870144e-18
-3.596612719816789826e-18
-3.380726143606340055e-18
-3.179807562871369837e-18
-2.992682631872040134e-18
-2.818279646960400002e-18
-2.655619674728780160e-18
-2.503807714564500052e-18
-2.362024778488970187e-18
-2.229520785390390074e-18
-2.105608179146509918e-18
-1.989656190928709974e-18
-1.881085675400789923e-18
-1.779364458758200055e-18
-1.684003143757719947e-18
-1.594551323198459909e-18
-1.510594158851090002e-18
-1.431749287694269950e-18
-1.357664021592369974e-18
-1.288012810311960049e-18
-1.222494941091559971e-18
-1.160832450905719908e-18
-1.102768230149760070e-18
-1.048064298757369942e-18
-9.965002377870329657e-19
-9.478717613062889313e-19
-9.019894149940340603e-19
-8.586773892931360413e-19
-8.177724362016540363e-19
-7.791228799078760334e-19
-7.425877124694780066e-19
-7.080357666239979667e-19
-6.753449586092830360e-19
-6.444015945793850301e-19
-6.150997348332490445e-19
-5.873406106388419662e-19
-5.610320889416690085e-19
-5.360881807003329912e-19
-5.124285889988460157e-19
-4.899782934508229674e-19
-4.686671677390450063e-19
-4.484296274291320471e-19
-4.292043054618379986e-19
-4.109337529677990197e-19
-3.935641632643319894e-19
-3.770451170885070193e-19
-3.613293472963849907e-19
-3.463725214170889968e-19
-3.321330405938309842e-19
-3.185718535738980125e-19
-3.056522845271309820e-19
-2.933398735789300052e-19
-2.816022290404069955e-19
-2.704088904058850143e-19
-2.597312012675089960e-19
-2.495421913689710192e-19
-2.398164670860489787e-19
-2.305301096814159904e-19
-2.216605807355570207e-19
-2.131866342051779935e-19
-2.050882346056430006e-19
-1.973464808551359940e-19
-1.899435353558210066e-19
-1.828625579215849992e-19
-1.760876441932650065e-19
-1.696037682109229893e-19
-1.633967288389219954e-19
-1.574530997635420120e-19
-1.517601828048089881e-19
-1.463059643043449911e-19
-1.410790743694770010e-19
-1.360687487707320092e-19
-1.312647933053970114e-19
-1.266575504540250119e-19
-1.222378681699049989e-19
-1.179970706534849970e-19
-1.139269309748389880e-19
-1.100196454174230072e-19
-1.062678094257319984e-19
-1.026643950480930028e-19
-9.920272977377909857e-20
-9.587647667094380120e-20
-9.267961573864369484e-20
-8.960642639242960393e-20
-8.665147100875489836e-20
-8.380957945875280093e-20
-8.107583456684349666e-20
-7.844555843417010490e-20
-7.591429957105460248e-20
-7.347782078654659403e-20
-7.113208778672950476e-20
-6.887325843677260065e-20
-6.669767264480059499e-20
-6.460184282850290416e-20
-6.258244492805499602e-20
-6.063630993137629625e-20
-5.876041588002539841e-20
-5.695188032615070309e-20
-5.520795321287259618e-20
-5.352601015230050208e-20
-5.190354607707880154e-20
-5.033816924293369848e-20
-4.882759556115529842e-20
-4.736964324131380270e-20
-4.596222772577579808e-20
-4.460335689876680124e-20
-4.329112655382880016e-20
-4.202371610454120039e-20
-4.079938452433400297e-20
-3.961646650210799887e-20
-3.847336880120939835e-20
-3.736856681008039916e-20
-3.630060127363149756e-20
-3.526807519505300215e-20
-3.426965089841859902e-20
-3.330404724301869725e-20
-3.237003698091500109e-20
-3.146644424971880046e-20
-3.059214219308079951e-20
-2.974605070182849756e-20
-2.892713426910680222e-20
-2.813439995327610212e-20
-2.736689544268700222e-20
-2.662370721680039970e-20
-2.590395879844260094e-20
-2.520680909229059943e-20
-2.453145080496830108e-20
-2.387710894239850116e-20
-2.324303938030859894e-20
-2.262852750402200006e-20
-2.203288691388779946e-20
-2.145545819290829961e-20
-2.089560773331900056e-20
-2.035272661905710000e-20
-1.982622956122890093e-20
-1.931555388384300104e-20
-1.882015855723480065e-20
-1.833952327674319941e-20
-1.787314758433999937e-20
-1.742055003103590048e-20
-1.698126737800720011e-20
-1.655485383449839879e-20
-1.614088033066150012e-20
-1.573893382359199937e-20
-1.534861663491589882e-20
-1.496954581836770138e-20
-1.460135255588629896e-20
-1.424368158083000068e-20
-1.389619062698730130e-20
-1.355854990213250133e-20
-1.323044158493489929e-20
-1.291155934409780026e-20
-1.260160787866050019e-20
-1.230030247844929970e-20
-1.200736860372040072e-20
-1.172254148308159965e-20
-1.144556572883129939e-20
-1.117619496889389933e-20
-1.091419149457330069e-20
-1.065932592338639985e-20
-1.041137687627479967e-20
-1.017013066852860032e-20
-9.935381013788550052e-21
-9.706928740526190584e-21
-9.484581520429749463e-21
-9.268153608152459293e-21
-9.057465591906950085e-21
-8.852344154414339250e-21
-8.652621843740850322e-21
-8.458136853577440737e-21
-8.268732812539599248e-21
-8.084258582084810152e-21
-7.904568062664630426e-21
-7.729520007746649254e-21
-7.558977845359069725e-21
-7.392809506827239576e-21
-7.230887262387020229e-21
-7.073087563374850002e-21
-6.919290890708649836e-21
-6.769381609386780125e-21
-6.623247828745389649e-21
-6.480781268226369934e-21
-6.341877128419740346e-21
-6.206433967155130121e-21
-6.074353580427479980e-21
-5.945540887951969883e-21
-5.819903823152530060e-21
-5.697353227397159972e-21
-5.577802748301950326e-21
-5.461168741933530350e-21
-5.347370178747549828e-21
-5.236328553108080306e-21
-5.127967796239599724e-21
-5.022214192470109963e-21
-4.918996298630069649e-21
-4.818244866477830332e-21
-4.719892768028069743e-21
-4.623874923665140064e-21
-4.530128232928319753e-21
-4.438591507861059661e-21
-4.349205408820949968e-21
-4.261912382651640076e-21
-4.176656603122130253e-21
-4.093383913543209713e-21
-4.012041771474290030e-21
-3.932579195438019772e-21
-3.854946713563299677e-21
-3.779096314080849853e-21
-3.704981397598719919e-21
-3.632556731088009896e-21
-3.561778403512339954e-21
-3.492603783037089776e-21
-3.424991475757290100e-21
-3.358901285885579821e-21
-3.294294177344039997e-21
-3.231132236706029894e-21
-3.169378637436530142e-21
-3.108997605381419860e-21
-3.049954385458300095e-21
-2.992215209503330004e-21
-2.935747265230539982e-21
-2.880518666261619909e-21
-2.826498423186149885e-21
-2.773656415613740180e-21
-2.721963365181010011e-21
-2.671390809478050040e-21
-2.621911076860219814e-21
-2.573497262112619852e-21
-2.526123202935879936e-21
-2.479763457222959934e-21
-2.434393281098340148e-21
-2.389988607691390073e-21
-2.346526026617540112e-21
-2.303982764141379943e-21
-2.262336663997220088e-21
-2.221566168843179873e-21
-2.181650302326289817e-21
-2.142568651736550174e-21
-2.104301351228930044e-21
-2.066829065593170162e-21
-2.030132974551840073e-21
-1.994194757567980188e-21
-1.958996579144349868e-21
-1.924521074596969996e-21
-1.890751336286350006e-21
-1.857670900290279866e-21
-1.825263733502919883e-21
-1.793514221145269905e-21
-1.762407154672759995e-21
-1.731927720066229828e-21
-1.702061486493150050e-21
-1.672794395326149918e-21
-1.644112749506889942e-21
-1.616003203243180027e-21
-1.588452752028219938e-21
-1.561448722970820076e-21
-1.534978765426220054e-21
-1.509030841917200021e-21
-1.483593219335809944e-21
-1.458654460416210020e-21
-1.434203415469579938e-21
-1.410229214372309925e-21
-1.386721258799060068e-21
-1.363669214692430088e-21
-1.341063004961640054e-21
-1.318892802402340017e-21
-1.297149022830549956e-21
-1.275822318423460011e-21
-1.254903571260439988e-21
-1.234383887057670075e-21
-1.214254589090100039e-21
-1.194507212294590086e-21
-1.175133497548389970e-21
-1.156125386117329957e-21
-1.137475014268180009e-21
-1.119174708039869983e-21
-1.101216978168629991e-21
-1.083594515161880085e-21
-1.066300184516389952e-21
-1.049327022075900015e-21
-1.032668229523860062e-21
-1.016317170007079953e-21
-1.000267363885960000e-21
-9.845124846075780053e-22
-9.690463546975029176e-22
-9.538629418668419155e-22
-9.389563552307619753e-22
-9.243208416350969194e-22
-9.099507820876439919e-22
-8.958406882909110518e-22
-8.819851992731819250e-22
-8.683790781148560431e-22
-8.550172087671409383e-22
-8.418945929602540237e-22
-8.290063471983989920e-22
-8.163476998388639735e-22
-8.039139882526819827e-22
-7.917006560643679969e-22
-7.797032504683489551e-22
-7.679174196197510144e-22
-7.563389100973250147e-22
-7.449635644363110360e-22
-7.337873187291719553e-22
-7.228062002921430272e-22
-7.120163253956480464e-22
-7.014138970566669781e-22
-6.909952028912300310e-22
-6.807566130252390064e-22
-6.706945780619019612e-22
-6.608056271041169648e-22
-6.510863658301719539e-22
-6.415334746212099737e-22
-6.321437067389450149e-22
-6.229138865521470438e-22
-6.138409078104950333e-22
-6.049217319644019804e-22
-5.961533865294969538e-22
-5.875329634944579625e-22
-5.790576177709549816e-22
-5.707245656844870163e-22
-5.625310835049390256e-22
-5.544745060157229905e-22
-5.465522251203970340e-22
-5.387616884856949609e-22
-5.311003982199399640e-22
-5.235659095858200060e-22
-5.161558297465699978e-22
-5.088678165446100340e-22
-5.016995773117199795e-22
-4.946488677098760264e-22
-4.877134906018809548e-22
-4.808912949509530263e-22
-4.741801747484759597e-22
-4.675780679691099965e-22
-4.610829555525209537e-22
-4.546928604109759828e-22
-4.484058464620960369e-22
-4.422200176860749828e-22
-4.361335172066849823e-22
-4.301445263954109946e-22
-4.242512639981050232e-22
-4.184519852835049808e-22
-4.127449812130600009e-22
-4.071285776314579912e-22
-4.016011344773060038e-22
-3.961610450134029923e-22
-3.908067350760989768e-22
-3.855366623432010185e-22
-3.803493156199409925e-22
-3.752432141425189777e-22
-3.702169068987480198e-22
-3.652689719653409786e-22
-3.603980158614059861e-22
-3.556026729177110189e-22
-3.508816046612899892e-22
-3.462334992150130202e-22
-3.416570707116870060e-22
-3.371510587223379951e-22
-3.327142276982739869e-22
-3.283453664265940209e-22
-3.240432874987600172e-22
-3.198068267919169938e-22
-3.156348429626160196e-22
-3.115262169526149951e-22
-3.074798515064550186e-22
-3.034946707004910043e-22
-2.995696194830940106e-22
-2.957036632257349790e-22
-2.918957872846600055e-22
-2.881449965728920011e-22
-2.844503151423020135e-22
-2.808107857754719926e-22
-2.772254695871189811e-22
-2.736934456348279967e-22
-2.702138105388549829e-22
-2.667856781107769996e-22
-2.634081789907539916e-22
-2.600804602932020184e-22
-2.568016852606490063e-22
-2.535710329255720132e-22
-2.503876977800269860e-22
-2.472508894528540153e-22
-2.441598323942909787e-22
-2.411137655677960204e-22
-2.381119421489030139e-22
-2.351536292309389962e-22
-2.322381075374319987e-22
-2.293646711410350197e-22
-2.265326271888230094e-22
-2.237412956337849931e-22
-2.209900089723790174e-22
-2.182781119879839878e-22
-2.156049615001159891e-22
-2.129699261192609771e-22
-2.103723860071919979e-22
-2.078117326426299923e-22
-2.052873685921330117e-22
-2.027987072860679890e-22
-2.003451727995520062e-22
-1.979261996382519975e-22
-1.955412325289039920e-22
-1.931897262144590072e-22
-1.908711452537340027e-22
-1.885849638254620023e-22
-1.863306655366359924e-22
-1.841077432350430108e-22
-1.819156988258989943e-22
-1.797540430924630040e-22
-1.776222955205669990e-22
-1.755199841269420100e-22
-1.734466452912710058e-22
-1.714018235918609898e-22
-1.693850716448709904e-22
-1.673959499469960047e-22
-1.654340267215270086e-22
-1.634988777677229937e-22
-1.615900863133949944e-22
-1.597072428706480110e-22
-1.578499450946969909e-22
-1.560177976456799914e-22
-1.542104120534169910e-22
-1.524274065850279952e-22
-1.506684061153530053e-22
-1.489330420001110053e-22
-1.472209519517289906e-22
-1.455317799177860019e-22
-1.438651759620049953e-22
-1.422207961477420035e-22
-1.405983024239109922e-22
-1.389973625132920069e-22
-1.374176498031609923e-22
-1.358588432382000002e-22
-1.343206272156299982e-22
-1.328026914825099969e-22
-1.313047310351669964e-22
-1.298264460206990106e-22
-1.283675416405060068e-22
-1.269277280558070093e-22
-1.255067202950959905e-22
-1.241042381634909921e-22
-1.227200061539409953e-22
-1.213537533602410089e-22
-1.200052133918220116e-22
-1.186741242902750074e-22
-1.173602284475620096e-22
-1.160632725258979895e-22
-1.147830073792339905e-22
-1.135191879763450024e-22
-1.122715733254519976e-22
-1.110399264003710048e-22
-1.098240140681339956e-22
-1.086236070180710048e-22
-1.074384796923050065e-22
-1.062684102176339916e-22
-1.051131803387709994e-22
-1.039725753529169954e-22
-1.028463840456260055e-22
-1.017343986279440036e-22
-1.006364146747979967e-22
-9.955223106458849910e-23
-9.848164991998709872e-23
-9.742447654988950048e-23
-9.638051939251330045e-23
-9.534958995961059919e-23
-9.433150278177229663e-23
-9.332607535480160486e-23
-9.233312808713379786e-23
-9.135248424827859438e-23
-9.038396991826660104e-23
-8.942741393807449551e-23
-8.848264786101199918e-23
-8.754950590504779949e-23
-8.662782490605640152e-23
-8.571744427196470293e-23
-8.481820593778160033e-23
-8.392995432148999701e-23
-8.305253628078509614e-23
-8.218580107063959536e-23
-8.132960030167970227e-23
-8.048378789935510216e-23
-7.964822006388510475e-23
-7.882275523096709899e-23
-7.800725403322920157e-23
-7.720157926241329889e-23
-7.640559583227280127e-23
-7.561917074217060395e-23
-7.484217304136259637e-23
-7.407447379395289594e-23
-7.331594604450749970e-23
-7.256646478431109599e-23
-7.182590691825699733e-23
-7.109415123235359661e-23
-7.037107836183820122e-23
-6.965657075988390405e-23
-6.895051266688719570e-23
-6.825279008032699636e-23
-6.756329072518009603e-23
-6.688190402488530385e-23
-6.620852107284189488e-23
-6.554303460443470180e-23
-6.488533896957300346e-23
-6.423533010573379460e-23
-6.359290551150010316e-23
-6.295796422058220075e-23
-6.233040677631540553e-23
-6.171013520662139425e-23
-6.109705299942689916e-23
-6.049106507852859902e-23
-5.989207777989630505e-23
-5.929999882840609553e-23
-5.871473731499370154e-23
-5.813620367422090252e-23
-5.756430966224710307e-23
-5.699896833519629895e-23
-5.644009402791409570e-23
-5.588760233310530520e-23
-5.534141008084550239e-23
-5.480143531845899520e-23
-5.426759729075640180e-23
-5.373981642062449994e-23
-5.321801428996120149e-23
-5.270211362094989801e-23
-5.219203825766600107e-23
-5.168771314800890057e-23
-5.118906432595389840e-23
-5.069601889411749963e-23
-5.020850500662980152e-23
-4.972645185230870247e-23
-4.924978963812970080e-23
-4.877844957298540001e-23
-4.831236385173010072e-23
-4.785146563950290260e-23
-4.739568905632490208e-23
-4.694496916196500242e-23
-4.649924194106839957e-23
-4.605844428854479955e-23
-4.562251399520900258e-23
-4.519138973367099774e-23
-4.476501104446960238e-23
-4.434331832244610219e-23
-4.392625280335230253e-23
-4.351375655068969957e-23
-4.310577244277449911e-23
-4.270224416002459815e-23
-4.230311617246469713e-23
-4.190833372744479957e-23
-4.151784283756920160e-23
-4.113159026883019985e-23
-4.074952352894520081e-23
-4.037159085589140152e-23
-3.999774120663489706e-23
-3.962792424605149929e-23
-3.926209033603450040e-23
-3.890019052478710081e-23
-3.854217653629459942e-23
-3.818800075997510038e-23
-3.783761624050319974e-23
-3.749097666780540004e-23
-3.714803636722279775e-23
-3.680875028983859853e-23
-3.647307400296799767e-23
-3.614096368080540042e-23
-3.581237609522899987e-23
-3.548726860675769892e-23
-3.516559915565800182e-23
-3.484732625319930009e-23
-3.453240897305349740e-23
-3.422080694283689868e-23
-3.391248033579180082e-23
-3.360738986260579844e-23
-3.330549676336500195e-23
-3.300676279964039801e-23
-3.271115024670330273e-23
-3.241862188586910252e-23
-3.212914099696620264e-23
-3.184267135092789726e-23
-3.155917720250519781e-23
-3.127862328309859799e-23
-3.100097479370610086e-23
-3.072619739798659734e-23
-3.045425721543479909e-23
-3.018512081466750239e-23
-2.991875520681839726e-23
-2.965512783903880031e-23
-2.939420658810459943e-23
-2.913595975412500215e-23
-2.888035605435259984e-23
-2.862736461709370158e-23
-2.837695497571539951e-23
-2.812909706274880131e-23
-2.788376120408700168e-23
-2.764091811327510090e-23
-2.740053888589180028e-23
-2.716259499401990023e-23
-2.692705828080510149e-23
-2.669390095510109939e-23
-2.646309558619959875e-23
-2.623461509864330108e-23
-2.600843276712179934e-23
-2.578452221144710077e-23
-2.556285739160860129e-23
-2.534341260290650071e-23
-2.512616247116079927e-23
-2.491108194799589899e-23
-2.469814630619949930e-23
-2.448733113515300082e-23
-2.427861233633479867e-23
-2.407196611889220116e-23
-2.386736899528389864e-23
-2.366479777698880082e-23
-2.346422957028240033e-23
-2.326564177207879945e-23
-2.306901206583629865e-23
-2.287431841752709967e-23
-2.268153907166940075e-23
-2.249065254741970085e-23
-2.230163763472649977e-23
-2.211447339054239988e-23
-2.192913913509470044e-23
-2.174561444821330014e-23
-2.156387916571450034e-23
-2.138391337584070011e-23
-2.120569741575379961e-23
-2.102921186808269969e-23
-2.085443755752309927e-23
-2.068135554748899977e-23
-2.050994713681559919e-23
-2.034019385651130133e-23
-2.017207746655970111e-23
-2.000557995276980041e-23
-1.984068352367329961e-23
-1.967737060746999904e-23
-1.951562384901719932e-23
-1.935542610686690012e-23
-1.919676045034489953e-23
-1.903961015667619896e-23
-1.888395870815150052e-23
-1.872978978933740037e-23
-1.857708728432770090e-23
-1.842583527403590045e-23
-1.827601803352799961e-23
-1.812762002939490101e-23
-1.798062591716429994e-23
-1.783502053875059923e-23
-1.769078891994259860e-23
-1.754791626792870000e-23
-1.740638796885830049e-23
-1.726618958543969890e-23
-1.712730685457290003e-23
-1.698972568501790108e-23
-1.685343215509620057e-23
-1.671841251042760139e-23
-1.658465316169869937e-23
-1.645214068246529954e-23
-1.632086180698570083e-23
-1.619080342808720029e-23
-1.606195259506209927e-23
-1.593429651159570065e-23
-1.580782253372339960e-23
-1.568251816781869859e-23
-1.555837106860869968e-23
-1.543536903722020070e-23
-1.531350001925280143e-23
-1.519275210288030095e-23
-1.507311351697949872e-23
-1.495457262928619951e-23
-1.483711794457709983e-23
-1.472073810287869889e-23
-1.460542187770120071e-23
-1.449115817429790075e-23
-1.437793602795009861e-23
-1.426574460227579964e-23
-1.415457318756269938e-23
-1.404441119912550076e-23
-1.393524817568580077e-23
-1.382707377777610116e-23
-1.371987778616530142e-23
-1.361365010030719898e-23
-1.350838073681150025e-23
-1.340405982793519996e-23
-1.330067762009620090e-23
-1.319822447240799993e-23
-1.309669085523430017e-23
-1.299606734876469974e-23
-1.289634464161030073e-23
-1.279751352941839941e-23
-1.269956491350760063e-23
-1.260248979952150065e-23
-1.250627929610090010e-23
-1.241092461357529957e-23
-1.231641706267250062e-23
-1.222274805324559983e-23
-1.212990909301829986e-23
-1.203789178634750040e-23
-1.194668783300339949e-23
-1.185628902696560068e-23
-1.176668725523689970e-23
-1.167787449667300040e-23
-1.158984282082849971e-23
-1.150258438681880039e-23
-1.141609144219750073e-23
-1.133035632184980035e-23
-1.124537144690069952e-23
-1.116112932363769979e-23
-1.107762254244959998e-23
-1.099484377677880013e-23
-1.091278578208810071e-23
-1.083144139484160047e-23
-1.075080353149999996e-23
-1.067086518752919982e-23
-1.059161943642200011e-23
-1.051305942873409933e-23
-1.043517839113219974e-23
-1.035796962545579975e-23
-1.028142650779080004e-23
-1.020554248755699960e-23
-1.013031108660620067e-23
-1.005572589833440044e-23
-9.981780586803799653e-24
-9.908468885878899434e-24
-9.835784598372360691e-24
-9.763721595203379526e-24
-9.692273814566980076e-24
-9.621435261114570052e-24
-9.551200005145309361e-24
-9.481562181808450494e-24
-9.412515990316270125e-24
-9.344055693167409702e-24
-9.276175615380729373e-24
-9.208870143739190351e-24
-9.142133726043890601e-24
-9.075960870377920323e-24
-9.010346144380079826e-24
-8.945284174528089525e-24
-8.880769645431349353e-24
-8.816797299133050705e-24
-8.753361934421420503e-24
-8.690458406150139995e-24
-8.628081624567610612e-24
-8.566226554655100697e-24
-8.504888215473520350e-24
-8.444061679518869960e-24
-8.383742072085990662e-24
-8.323924570640719584e-24
-8.264604404200260318e-24
-8.205776852721589381e-24
-8.147437246497870716e-24
-8.089580965562669608e-24
-8.032203439102049756e-24
-7.975300144874109753e-24
-7.918866608636249911e-24
-7.862898403579690421e-24
-7.807391149771420100e-24
-7.752340513603320071e-24
-7.697742207248409456e-24
-7.643591988124060296e-24
-7.589885658362219875e-24
-7.536619064286320142e-24
-7.483788095895069655e-24
-7.431388686352700456e-24
-7.379416811485879995e-24
-7.327868489287029505e-24
-7.276739779423969470e-24
-7.226026782755809914e-24
-7.175725640855150143e-24
-7.125832535536170669e-24
-7.076343688388919973e-24
-7.027255360319409693e-24
-6.978563851095559356e-24
-6.930265498898990670e-24
-6.882356679882370144e-24
-6.834833807732479311e-24
-6.787693333238740709e-24
-6.740931743867170236e-24
-6.694545563339799969e-24
-6.648531351219309887e-24
-6.602885702498930217e-24
-6.557605247197479959e-24
-6.512686649959520275e-24
-6.468126609660469942e-24
-6.423921859016749706e-24
-6.380069164200719726e-24
-6.336565324460490164e-24
-6.293407171744460215e-24
-6.250591570330520164e-24
-6.208115416459909878e-24
-6.165975637975600006e-24
-6.124169193965209859e-24
-6.082693074408290044e-24
-6.041544299828069773e-24
-6.000719920947440357e-24
-5.960217018349229996e-24
-5.920032702140689770e-24
-5.880164111622070355e-24
-5.840608414959359988e-24
-5.801362808861019847e-24
-5.762424518258649989e-24
-5.723790795991649768e-24
-5.685458922495730196e-24
-5.647426205495240055e-24
-5.609689979699249915e-24
-5.572247606501349974e-24
-5.535096473683180099e-24
-5.498233995121500309e-24
-5.461657610498859739e-24
-5.425364785017819998e-24
-5.389353009118630087e-24
-5.353619798200319787e-24
-5.318162692345210071e-24
-5.282979256046750161e-24
-5.248067077940649646e-24
-5.213423770539260102e-24
-5.179046969969190062e-24
-5.144934335712070305e-24
-5.111083550348449642e-24
-5.077492319304749912e-24
-5.044158370603350015e-24
-5.011079454615560175e-24
-4.978253343817640009e-24
-4.945677832549750186e-24
-4.913350736777720130e-24
-4.881269893857750049e-24
-4.849433162303879787e-24
-4.817838421558229635e-24
-4.786483571764010169e-24
-4.755366533541259971e-24
-4.724485247765140040e-24
-4.693837675347020020e-24
-4.663421797018049844e-24
-4.633235613115349808e-24
-4.603277143370710314e-24
-4.573544426701819668e-24
-4.544035521005980249e-24
-4.514748502956160240e-24
-4.485681467799590301e-24
-4.456832529158609849e-24
-4.428199818833989954e-24
-4.399781486610419883e-24
-4.371575700064420299e-24
-4.343580644374409826e-24
-4.315794522133060149e-24
-4.288215553161789781e-24
-4.260841974327539762e-24
-4.233672039361540343e-24
-4.206704018680330220e-24
-4.179936199208749857e-24
-4.153366884205119767e-24
-4.126994393088320142e-24
-4.100817061266990064e-24
-4.074833239970680224e-24
-4.049041296082890115e-24
-4.023439611976190256e-24
-3.998026585349100310e-24
-3.972800629064939830e-24
-3.947760170992550240e-24
-3.922903653848790351e-24
-3.898229535042909722e-24
-3.873736286522680127e-24
-3.849422394622319643e-24
-3.825286359912130026e-24
-3.801326697049920102e-24
-3.777541934634060159e-24
-3.753930615058279739e-24
-3.730491294368109658e-24
-3.707222542118949879e-24
-3.684122941235760302e-24
-3.661191087874380346e-24
-3.638425591284430315e-24
-3.615825073673699749e-24
-3.593388170074190298e-24
-3.571113528209600037e-24
-3.548999808364310214e-24
-3.527045683253959648e-24
-3.505249837897329802e-24
-3.483610969489810167e-24
-3.462127787278239700e-24
-3.440799012437119925e-24
-3.419623377946359850e-24
-3.398599628470210326e-24
-3.377726520237750076e-24
-3.357002820924569980e-24
-3.336427309535859875e-24
-3.315998776290819995e-24
-3.295716022508279860e-24
-3.275577860493720040e-24
-3.255583113427480076e-24
-3.235730615254220135e-24
-3.216019210573649987e-24
-3.196447754532419897e-24
-3.177015112717319985e-24
-3.157720161049550014e-24
-3.138561785680230067e-24
-3.119538882887069821e-24
-3.100650358972190165e-24
-3.081895130161029956e-24
-3.063272122502420176e-24
-3.044780271769770050e-24
-3.026418523363300070e-24
-3.008185832213379996e-24
-2.990081162684969983e-24
-2.972103488483030017e-24
-2.954251792559050117e-24
-2.936525067018589987e-24
-2.918922313029780009e-24
-2.901442540732919847e-24
-2.884084769150970063e-24
-2.866848026101129962e-24
-2.849731348107269878e-24
-2.832733780313429847e-24
-2.815854376398159866e-24
-2.799092198489900096e-24
-2.782446317083179867e-24
-2.765915810955809985e-24
-2.749499767086940113e-24
-2.733197280576009913e-24
-2.717007454562589880e-24
-2.700929400147070002e-24
-2.684962236312230043e-24
-2.669105089845670139e-24
-2.653357095263020164e-24
-2.637717394732079932e-24
-2.622185137997640093e-24
-2.606759482307290066e-24
-2.591439592337829897e-24
-2.576224640122650048e-24
-2.561113804979780124e-24
-2.546106273440739876e-24
-2.531201239180179983e-24
-2.516397902946229975e-24
-2.501695472491639974e-24
-2.487093162505650144e-24
-2.472590194546519891e-24
-2.458185796974919938e-24
-2.443879204887850081e-24
-2.429669660053449939e-24
-2.415556410846359992e-24
-2.401538712183849995e-24
-2.387615825462570033e-24
-2.373787018496060138e-24
-2.360051565452809822e-24
-2.346408746795050082e-24
-2.332857849218190098e-24
-2.319398165590879876e-24
-2.306028994895659905e-24
-2.292749642170349910e-24
-2.279559418449919917e-24
-2.266457640709119887e-24
-2.253443631805560075e-24
-2.240516720423499992e-24
-2.227676241018219970e-24
-2.214921533760900031e-24
-2.202251944484159967e-24
-2.189666824628129860e-24
-2.177165531187080073e-24
-2.164747426656659917e-24
-2.152411878981589988e-24
-2.140158261504020132e-24
-2.127985952912330054e-24
-2.115894337190500037e-24
-2.103882803568009908e-24
-2.091950746470290115e-24
-2.080097565469600015e-24
-2.068322665236489885e-24
-2.056625455491780136e-24
-2.045005350958960034e-24
-2.033461771317120179e-24
-2.021994141154409901e-24
-2.010601889921939886e-24
-1.999284451888110179e-24
-1.988041266093499850e-24
-1.976871776306190133e-24
-1.965775430977500080e-24
-1.954751683198260010e-24
-1.943799990655440174e-24
-1.932919815589309865e-24
-1.922110624750999864e-24
-1.911371889360460157e-24
