Anisotropic Li7Li7 with the parameters of Fabio's guide. Ix=6604, Iy=4993, Iz=50, sin^2 6th order:

Orbitals:
rm:
1  0.951183387697142       5.665418921661528E-011
2   1.07114551340648       6.379934866396259E-011
3   1.24682413147242       7.426308236448249E-011
4   1.47988852906089       8.814481605686924E-011
5   1.75973704986965       1.048130960699105E-010
6   2.08081203656541       1.239368983610995E-010
7   2.43916229216442       1.452808825487139E-010
8   2.57406591283039       1.533159842442133E-010
9   2.69402803853614       1.604611436913471E-010
10  2.83180067909165       1.686671293591602E-010


CM:
1  0.951183387697142       5.665418921661528E-011
2   1.07114551340648       6.379934866396259E-011
3   1.24682413147242       7.426308236448249E-011
4   1.47988852906089       8.814481605686924E-011
5   1.75973704986965       1.048130960699105E-010
6   2.08081203656541       1.239368983610995E-010
7   2.43916229216442       1.452808825487139E-010
8   2.57406591283039       1.533159842442133E-010
9   2.69402803853614       1.604611436913471E-010
10  2.83180067909165       1.686671293591602E-010

Configurations:
1   1.86262785619657       1.109414571049030E-010
2   2.00270085763424       1.192844563942430E-010
3   2.02345793238133       1.205207850092244E-010
4   2.18480165860574       1.301307068315157E-010
5   2.21631878311901       1.320079233166158E-010
6   2.29159619352153       1.364915809454631E-010
7   2.42918821493349       1.446868086130129E-010
8   2.45235598619611       1.460667226378125E-010
9   2.52694033669547       1.505091003753166E-010
10  2.64059727344572       1.572787114552775E-010

With interaction 0.71, 120 Bsplines, 20.60, L=60, M14:

Orbitals:
With 120 Bsplines, 20.70, L=60, M=14
rm:Ag
613  -2202.53527078271      -1.311869525910219E-007
614  -0.407861743208758      -2.429297722483441E-011
615   1.01476284047423       6.044109550042108E-011
616   1.15658323803898       6.888817283832682E-011
617   1.36269409226711       8.116450512721325E-011
618   1.61119602385418       9.596572604310105E-011
619   1.90770675600810       1.136264372597631E-010
620   2.26838202099859       1.351089031783438E-010
621   2.57245170117012       1.532198389014545E-010
622   2.64122217755250       1.573159318651011E-010
623   2.72852259995062       1.625157016605008E-010
624   2.85534257327369       1.700693268163046E-010
625   2.91160522421180       1.734204312545277E-010

Configurations:

1000  -2197.15714009619      -1.308666214777092E-007
1001  0.536370032056880       3.194716148254257E-011
1002  0.657156918882359       3.914144518178168E-011
1003  0.833980508851159       4.967337546318317E-011
1004   1.06811127923651       6.361862423267402E-011
1005   1.34902105925386       8.035011474832608E-011
1006   1.67114784317146       9.953656396921834E-011
1007   1.93607765293429       1.153162587847090E-010
1008   2.03053991933332       1.209426008588253E-010
1009   2.09798203879799       1.249595745010707E-010

