Li7
Li7
200
200
49
6
4
2
0
0
4.53648730017953e-17
0
-1.67170834286033e-24
0
2.46411692454489e-32
0
0
0
0
0
0
0
2.77344688903426e-25
0
-6.13213792446212e-32
0
2.25971009055572e-39
0
0
0
0
0
0
0
0
0
-6.24828482346369e-41
0
1.38150632991369e-47
0
0
0
0
0
0
0
0
0
0
0
5.63069203012155e-57
0
0
0
0
0
0
0
0
4.53648730017953e-17
0
-1.67170834286033e-24
0
0
0
0
0
0
0
0
0
2.77344688903426e-25
0
-6.13213792446212e-32
0
0
0
0
0
0
0
0
0
0
0
-6.24828482346369e-41
0
0
0
0
0
0
0
0
0
0
0
0
0
0
0
0
0
0
0
0
0
0
4.53648730017953e-17
0
0
0
0
0
0
0
0
0
0
0
2.77344688903426e-25
0
0
0
0
0
0
0
0
0
0
0
0
0
0
0
0
0
0
0
0
0
0
0
0
0
0
0
0
0
0
0
0
0
0
Li7
Li7
200
200
49
6
orden de Y y de Z
0
0
3.43036212173200e-17
0
-1.26409810024256e-24
0
1.86329483632479e-32
0
0
0
0
0
0
0
2.09720132014964e-25
0
-4.63694754760553e-32
0
1.70872822688849e-39
0
0
0
0
0
0
0
0
0
-4.72477451515284e-41
0
1.04465562702697e-47
0
0
0
0
0
0
0
0
0
0
0
4.25776848499120e-57
0
0
0
0
0
0
Lo mismo pa los coeff de Y y de Z
Li7
Li7
200
200
9
2
orden de Y y de Z
0
0
3.43036212173200e-17
0
0
0
2.09720132014964e-25
0
0
Lo mismo pa los coeff de Y y de Z
Li7
Li7
200
200
81
8
orden de Y y de Z
0
0
3.43036212173200e-17
0
-1.26409810024256e-24
0
1.86329483632479e-32
0
-1.47134870014458e-40
0
0
0
0
0
0
0
0
0
2.09720132014964e-25
0
-4.63694754760553e-32
0
1.70872822688849e-39
0
-2.51868465052895e-47
0
0
0
0
0
0
0
0
0
0
0
-4.72477451515284e-41
0
1.04465562702697e-47
0
-3.84958539848190e-55
0
0
0
0
0
0
0
0
0
0
0
0
0
4.25776848499120e-57
0
-9.41399804828626e-64
0
0
0
0
0
0
0
0
0
0
0
0
0
0
0
-2.05549406344805e-73
0
0
0
0
0
0
0
0
Lo mismo pa los coeff de Y y de Z
Li7
Li7
200
200
49
6
orden de Y y de Z
0
0
3.43036212173200e-17
0
-1.26409810024256e-24
0
1.86329483632479e-32
0
0
0
0
0
0
0
2.09720132014964e-25
0
-4.63694754760553e-32
0
1.70872822688849e-39
0
0
0
0
0
0
0
0
0
-4.72477451515284e-41
0
1.04465562702697e-47
0
0
0
0
0
0
0
0
0
0
0
4.25776848499120e-57
0
0
0
0
0
0
Lo mismo pa los coeff de Y y de Z
Li7
Li7
200
200
49
6
orden de Y y de Z
0
0
3.43036212173200e-17
0
-1.26409810024256e-24
0
1.86329483632479e-32
0
0
0
0
0
0
0
2.09720132014964e-25
0
-4.63694754760553e-32
0
1.70872822688849e-39
0
0
0
0
0
0
0
0
0
-4.72477451515284e-41
0
1.04465562702697e-47
0
0
0
0
0
0
0
0
0
0
0
4.25776848499120e-57
0
0
0
0
0
0
Lo mismo pa los coeff de Y y de Z
Li7
Li7
200
200
49
6
orden de Y y de Z
0
0
1.73235691767419e-17
0
-6.38378401714723e-25
0
9.40976953693765e-33
0
2.65533359233754e-21
0
-1.95699581004549e-28
0
4.32695079622459e-36
0
1.05910136766620e-25
0
-2.34169101567942e-32
0
8.62919732445289e-40
0
0
0
-1.19643759192470e-36
0
8.81781242527929e-44
0
0
0
-2.38604424994149e-41
0
5.27558414489986e-48
0
0
0
0
0
1.61726901151100e-52
0
0
0
0
0
2.15020293108458e-57
0
0
0
0
0
0
Lo mismo pa los coeff de Y y de Z
