# wx/wy, asc(020)_exact, asc(200)_exact, asc(020)_C0, asc(200)_C0, asc(020)_C1, asc(200)_C1, asc(020)_C2, asc(200)_C2
1.000000000000000000e+00 1.050020743121477418e+00 1.100042786342648737e+00 1.150065960020274725e+00 1.200006675994514937e+00 1.250035048577335273e+00
7.443065807864476247e-01 7.530617851983300026e-01 7.612267928525291438e-01 7.711417655695249618e-01 7.804355887750962228e-01 7.900163257252407201e-01
7.443065807864476247e-01 7.155875367998435488e-01 6.905001020348143781e-01 6.667924806358094258e-01 6.458090192603812563e-01 6.266047981427858016e-01
7.336812092094829874e-01 7.418526010280468430e-01 7.502068034913258465e-01 7.588048016430544163e-01 7.675424899187820449e-01 7.765168107963931199e-01
7.336812092094829874e-01 7.062436847225000980e-01 6.815822462362763901e-01 6.593092246555436464e-01 6.390375790606068751e-01 6.204677031709225909e-01
7.738004170933376891e-01 7.832158280047014642e-01 7.928605644829948007e-01 8.028043778363024296e-01 8.129318995554449812e-01 8.233545373537289880e-01
7.738004170933376891e-01 7.419906493307820705e-01 7.136820544640578579e-01 6.883351103986926622e-01 6.654441154034630435e-01 6.446176241833375675e-01
8.207824231322250474e-01 8.317818235923308823e-01 8.430753639933854515e-01 8.547444003520685563e-01 8.666600877816715842e-01 8.789528644406982005e-01
8.207824231322250474e-01 7.833766859799611293e-01 7.504783068479488062e-01 7.213194965431269923e-01 6.952224449880181067e-01 6.716655896185877994e-01
